[cam_01]
name = "int_cam1_img"
size = [ 1920.0, 1080.0]
matrix = [ [ 1364.7583209563556, 0.0, 959.5], [ 0.0, 1359.4770435389698, 539.5], [ 0.0, 0.0, 1.0]]
distortions = [ 0.01382273653806823, -0.05063721313826442, 0.0034795137656267582, 0.005033993458364569]
rotation = [ -0.3919437725287313, -0.6514309940176625, 1.3696234146121655]
translation = [ 0.18752779175063064, -0.39992626572698003, 2.280723404886281]
fisheye = false

[metadata]
adjusted = false
error = 0.0
