[cam_01]
name = "int_cam1_img"
size = [ 640.0, 480.0]
matrix = [ [ 621.3218999265943, 0.0, 319.5], [ 0.0, 623.8827639201897, 239.5], [ 0.0, 0.0, 1.0]]
distortions = [ 0.09553140318467712, -0.5950188118155262, 0.005081436244466366, 0.0015232084528281312]
rotation = [ -0.347133066660694, 0.57897852871076, -1.4350908620681995]
translation = [ -0.006277514788771449, 0.12335966157382877, 3.266797156222449]
fisheye = false

[cam_02]
name = "int_cam2_img"
size = [ 640.0, 480.0]
matrix = [ [ 611.3038791913027, 0.0, 319.5], [ 0.0, 609.7223726495056, 239.5], [ 0.0, 0.0, 1.0]]
distortions = [ -0.06323254616311653, 0.27211538217908315, -0.02355603960851973, -0.003025336649035373]
rotation = [ 0.3439588272498201, 0.055692636670585514, -1.5936029214476637]
translation = [ 0.24413604202362976, 0.07746391658207834, 2.6553013137525783]
fisheye = false

[metadata]
adjusted = false
error = 0.0
